% selection of nice colors

mycolors = [ 
    85  85 128; % bleu violace sombre
    245 163  26; % orange
    170   0   0; % rouge sang
    0  85   0; % vert fonce
    73  73  73; % gris sombre
    255  85 128; % rose        
    170 170 128; % beige
    85 170 128; % vert clair
    170  85 128; % violet
    0  85 255; % bleu electrique
    0  85 128; % bleu fonce
    ] / 255;